# Created by Octave 4.0.0, Sun Apr 15 23:11:15 2018 IST <aasis21@inspiron7560>
# name: res
# type: matrix
# rows: 15
# columns: 3
 0.5460850127831647 0.5953451449179888 0.3660340636035775
 0.9653623186492172 0.6501499044369951 0.4375998031922292
 0.2112497185107592 0.93956194111757 0.5482982186463867
 0.2804847876554505 0.08105606905170608 0.2734844013549887
 0.3935794513267041 0.2564476202783963 0.215172285845617
 0.2201645522449288 0.8206595497372238 0.5088157141050116
 0.03299992824413593 0.2610344115982724 0.2831132268925375
 0.7869493325796104 0.6932051672424207 0.4924717027242903
 0.3875254032603758 0.2702004679705892 0.107036781001619
 0.4970206379340089 0.1061680905324312 0.1190172277056492
 0.1869920147641973 0.2208685050333705 0.9945188655192336
 0.8048593519065242 0.7685065817012134 0.4597736322565699
 0.4243185199233048 0.7327719761908784 0.6576239169475125
 0.1761672253714378 0.3204703656212378 0.02375627592019884
 0.0200622796188336 0.672383193912772 0.6533983961089782


